File			
794695	0.20400098	0.3657375	male
945721			
8465072	0.060495127	0.51016504	male
12618492	0.04382656	0.17811002	male
20214831	0.07988809	0.6529039	male
20999981	0.3510905	0.5273275	female
22177502	0.0828958	0.6307008	male
22994551	0.0	0.12349497	male
23553730	0.31129476	0.22632395	female
24472132	0.37211582	0.13296549	male
25693282	0.049142964	0.10722125	female
25821356	0.752394	1.4211662	male
25897435	0.2885338	0.45130658	female
25940641	0.12115194	0.25807738	female
25963856	0.014928224	0.052472036	female
26834776	0.7289712	0.6794957	female
28176987	0.040675808	0.19860569	male
28906465	0.73572433	0.748534	female
30597694	0.8933864	0.9187202	female
30822218	0.8686992	0.7726298	female
30972374	0.0	0.06669682	female
32331128	0.3682631	0.89800334	male
32623333	0.25774854	0.22742777	female
33055549	0.4465914	0.61150956	male
33135194	0.0	0.0	female
34094724	0.037301388	0.14698541	male
34768779	1.2307174	1.6937088	female
36227219	0.04653116	0.1849341	female
37749959	0.0	2.2667987	male
38096911			
39897844	0.054321174	0.0	male
40067619	0.23452452	0.25504574	female
40352693	0.71730703	0.4045607	male
40604299	0.0	0.35196766	male
40925887	0.10744203	0.35673684	male
41536249	0.026072543	0.20674124	male
42510888	0.0	0.091329016	male
42569198	0.10543331	0.52964693	male
43019337	0.039379682	0.024439702	female
47992126	0.0	0.094940245	male
49100561	0.20138311	0.13633345	male
51877583	0.23776452	0.24579784	female
52736381	0.10083277	0.30892384	male
52975520	0.13358636	0.60704666	male
53334382	0.2788178	0.8244665	male
55482997	0.07824563	0.38107	male
57552116	0.73260003	0.32842118	male
57798273	0.009600562	0.05818907	female
58374966	0.9309143	1.5803725	male
59524706	0.27961335	0.29432756	male
60252529	0.012860844	0.023033347	male
61270735	0.0	0.14966953	female
61634536	0.12678379	0.566898	female
62552349	0.5129942	0.76672345	male
62648441	0.21921024	0.14481105	female
64367166	0.0	0.11515953	male
64489209	0.20916669	0.3149428	female
65107757			
66154344	0.07918096	0.16768755	male
68979118	0.08761465	0.18368345	female
69151701			
69569991	0.84221435	0.6183982	female
70724896	0.11749574	0.51322186	male
75281385	0.10288443	0.99234855	female
76197212			
76225956	0.019934233	0.13492936	male
79753992	0.21270235	0.2558968	female
80862068	0.0	0.08141773	male
81647059	0.27823898	0.3081291	female
81860959	0.019443357	0.11501323	male
82341423	0.021131627	0.22224484	male
84167314	1.9593348E-4	7.193357E-4	male
86168724	0.27773654	0.54858834	male
88870358	1.1398001	1.0305586	female
90233061	0.21521741	0.8841015	female
91925221	0.10377649	0.59249264	male
93350436	0.044204004	0.14283682	male
94761111	0.07303507	0.19964351	male
95656300			
95671622	0.0	0.119004086	male
96066368	0.35394132	0.18825057	female
96423170			
96956807	0.113116145	0.56429565	male
100119657	0.4289565	0.37341794	female
101593344	0.21084672	0.25467864	female
114044206	0.0045093102	0.010809038	male
123042176	0.0	0.024168724	female
123986340	0.10359096	0.81475824	male
125217315	0.05173078	0.19042763	female
128091149	0.16931793	0.47471002	female
129371328	0.29881975	0.18692954	female
134120927	0.07022212	0.3235213	female
134954386	0.3041396	0.3034956	female
135069683	0.0072180047	0.008005436	female
135782947	0.08526214	0.5748729	male
139272125	0.06101401	0.23875476	male
144415967	0.44251898	0.48660916	female
146868029	0.0	0.055992484	male
150383104	0.021778267	0.044530027	female
155010707	1.4538684	1.3257501	male
156393615	0.0	0.14928675	male
160059197	0.3313852	0.76897585	male
160659354	0.9466098	0.78227097	female
161521811	0.063762665	0.1797972	female
162988060	0.14766869	0.21119963	female
163614757	0.0	0.058307298	male
164799361	0.0064290096	0.05866133	male
169001284	0.09429603	0.12161055	female
176663017	0.57390624	0.5083236	female
183115415	2.6138675	1.35665	female
189895266	0.0995073	0.35889208	female
195369385	0.4241352	0.43872625	female
196757095	0.0	0.2821802	female
197700578	0.045146227	0.23118143	male
198189594	1.166777	1.1289016	female
203656084	0.12681668	0.71499807	male
206912999	0.0	0.19968851	male
208279736	0.0	0.23930542	female
218099040	0.16074838	0.22958204	male
218526813	0.2469495	0.19444965	male
219049295	0.03419552	0.030034803	male
222824120	0.08983161	0.13176952	female
227108149	0.27121773	0.2850975	male
229865466			
230097513	0.12519103	0.084439255	female
230580525	0.10303632	0.0309714	male
231083817	0.23676245	0.22732449	female
231497380	0.08424643	0.10092068	male
231970972	0.13045247	0.226487	female
233808043	0.13549504	0.25889865	female
234586270	0.44822744	0.58634365	female
234669118	0.15916057	0.017057046	male
234866000	0.0916668	0.3513356	female
235832375	0.3588591	0.43663198	female
237413240			
238452879	0.03810342	0.052328315	female
238867925	0.15111026	0.29195753	female
240492997	0.14495507	0.32653305	male
241229843	0.19479012	0.21048233	male
241666095	0.0	0.054910127	male
243319382	0.05969833	0.080449075	female
243429263	0.021519428	0.06411631	female
246415736	0.031077253	0.17970301	male
247085273	0.04525443	0.96165633	male
249449454	0.0	0.13577949	male
251395294	0.1625042	0.11780132	female
251717831	0.19686528	0.25332314	female
251799369	0.06723329	0.113710284	female
252413333	0.104375415	0.07172024	female
253297807	0.12830298	0.31505567	female
253438069	0.24605888	0.6881161	female
253766808	0.03546652	0.0	female
254108070	0.08999972	0.09187471	female
254748618	0.036141913	0.08538108	female
255293339			
255799705	0.0	0.5639323	male
256773287	0.061794546	0.12892401	male
257106582	0.80089664	1.0123435	female
257513036	0.106585875	0.20403826	female
259533576	0.1966034	0.36396414	female
261914244	0.2546146	0.42244494	male
262346368	0.059044294	0.27270257	male
262454953	0.38385814	0.46857655	female
262912800			
263691205	0.041441314	0.9396812	male
264514479	0.0	0.13386305	male
264628404	0.16554824	0.46056503	male
267932188	0.22811021	0.4268041	male
268366947	0.14010023	0.09002731	female
268557840	0.16548032	0.26160914	female
270479707	0.07430298	0.9931616	female
270906614	0.14100537	0.59184235	male
271157909	0.032149762	0.039160952	female
271739194	0.016534163	0.20459676	male
275725843	0.062222917	0.118584804	female
278855391	0.6320787	0.63931656	female
279177113	0.13222422	0.15258227	female
279781693	0.42841357	0.17574397	female
280777389	0.099276505	0.059944812	female
281289188	0.0	0.10835317	male
284628430	0.05262192	0.22720048	male
285607620	0.07452616	0.08370446	female
286876100	0.1064268	0.0	female
287350897	0.043475356	0.09005732	female
288715240	0.15454422	0.21121448	female
290268568	0.028660655	0.25163785	male
290301230			
290857774	0.0	0.024932599	female
292683893	0.06303077	0.13513826	male
293213181	0.097708195	0.26964843	female
294037425	0.009037113	0.04807333	male
294823376	0.17889649	0.27960452	female
294864398	0.0	0.028059376	male
295340462	0.096400715	0.19222108	female
296433109	0.0	0.4014549	male
300928318	0.3034626	0.056747995	female
301117918	0.023167651	0.013923288	female
302258234	0.12360449	0.1513671	female
302662448	0.18095689	0.14536516	male
303420630			
304705046	0.43996164	0.30223468	female
304796892	0.092023194	0.46066442	male
307701289	0.0	0.30554637	male
308817567	0.0	0.15235232	male
309106296	0.52170765	0.52066463	male
309303548	0.031889867	0.12872356	female
309800804	0.11840791	0.63916844	male
309984509	0.5513169	0.3827367	female
310445971	0.12761556	0.28587535	male
310492568	0.026805285	0.2260747	male
317569543	0.5066256	0.5120784	female
319450103	0.24772656	0.36865208	male
320431059	0.0	0.054866005	male
320884945	0.17885911	0.6309551	male
321447612	0.35914084	1.221909	male
321647306	0.0	0.056413494	male
322956056	0.061162006	0.24418972	female
322987477	0.0	0.21559124	male
323127182	0.015713535	0.070495546	male
326509990	0.0	0.119875014	male
327078534	0.0	0.03280437	male
327994124	0.0	0.10025716	male
332456403	0.0	0.102096416	male
333194654	0.11426448	0.08235431	female
333794696	0.0	0.10685453	male
335518656	0.09890745	0.04322514	female
336950490	0.00914271	0.018634183	male
338167123			
340007841	0.4763209	0.24425082	female
340737708	0.03712512	0.037538294	female
343104919	0.032136317	0.16814214	female
344215167	0.030514153	0.061614003	female
346073826	0.014239261	0.11813426	male
347096222	0.0	0.113720946	female
347524374	0.072147	0.16454498	male
347613520	0.06788333	0.12706299	male
349944244	0.12036888	0.0845678	female
350854412	0.008745884	0.061202046	male
351067358	0.56300366	0.41995788	female
351327876			
351687363	0.12254618	0.14441068	female
352884478	0.009757489	0.041402906	female
353824529	0.07004105	0.32211807	female
355248546	1.2180272	1.1054614	male
356418350	0.049529742	0.07031936	female
357813572	0.024757035	0.030633233	female
357971946			
362257288	0.7272963	0.28760752	male
363847840	0.117333665	0.10593093	male
363979395	0.015425127	0.07160834	female
368368493	0.05823444	0.049977325	female
373115502	0.12575136	0.15719628	female
376466499	0.51685166	0.49834386	male
377660514	0.39449602	0.3167069	female
380053409	0.26671878	0.15401863	male
380479475	0.058117982	0.0	female
381572221	0.0	0.12690502	male
382156129	0.06402017	1.077071	male
382947784	0.05694288	0.107841976	female
386731248			
391823594	0.0	0.22618383	female
392169870	0.0	0.027133813	female
393642659	0.1750307	0.14598455	female
394418954	0.014371632	0.123878926	male
404439154	0.15620594	0.6541471	male
